$ANSIBLE_VAULT;1.2;AES256;afsbotcfg
61363538336362636433336536623163613765663039353163323063633465333435373231653465
6639396362396366663933653032343763306233666161370a643531323939393861646663316334
37313463313134356636343331323934313338343439356136386332633437666530386139643661
6537383130333733310a326232303266656331626333663965306537623066326365303966353638
36326533393066313939653262393833653464666261353738653436623562353065356234663263
66613934623963313437383739316563613534656362653434343061306364393836623236613161
63653039343266313530643338396538646434306133393732373631656538653834316161376164
30643630646631623532323737663439323864386133653565626237666262376166353132353737
61363562613435346163383431356461363337306133616530363965646639303836613264373630
61383464366261363435643935613364316133306165356638336366646161646135323465623330
33633161373838303961633930376233343432306634656564376634653230396562313935333730
66363936623436653661633537386364333935323731373065376437323266383763383232663834
36366237313330316138623736396332313265656530376537636165343938333336643766663766
31363336353264656664643831623566386231316232353233646664316666393930393037316532
31653136323231346361366262316161633565376535333234646237396365653462343138613731
32666231306162393066346664653562633732386464363165386631336531306564663232613033
62356132316665323135663261633264346161383932653565383266663634393965396264653731
30356332346531356630613338646437363635396336303064643336313938356232366365303666
33383732646262353638383733353230323833316464643636653564386438666634313662353464
36373631383731646264336138366261393063653232666138383535666463656132656138613765
64643832393836336533303961643662633036306531643836396162653661633664363838613532
66366237633033383037326339343632626163303330363063633934653639366438643930656266
39383064616538336563626432366164643238653234373138613231303661316239636362623831
64653065373165353337396138666439373335313365623137636233383239316634663737633061
32626231363331333731366165313330386364313263633435616664313332383930663733323838
37313132613931316336666563383663663335666364313231313563626432386231373164303739
36366635623361323966643962663066633035666132376237323466353066653163323336346562
37646262393337376561333066363238313564363738366138633635363162303863626630616236
62353730333637666565343331363564613935346138366565656435313933336436343631336436
37326338663535653761393038663036666230323331663336383266653037386663396432653032
35633630343835356262343631373662303066323937373732333339373334356130653033633866
65663435643038323435616161383163313164653537316462323731623665333662396639336633
38336438356136333430373164373666323932303631636136623137376662346130666134373333
63623364306437383438343632633262613133393132646465396233353036356661313633663831
35643936666433303136363866383764393134323562313534633537386432393335363639646131
61396131386433653432646438633138633232356163366335346163613235353838313739376530
65316366336238396532363462656636663236363936343433643233383565313761
